function result = Inverse_FFT_32_30(A01, A02, A03, A04, A05, A06, A07, A08, A09, A10, A11, A12, A13, A14, A15, A16, A17, A18, A19, A20, A21, A22, A23, A24, A25, A26, A27, A28, A29, A30, A31, A32, modulo)

    % Input:
    % [f(zeta^0),f(zeta^16),f(zeta^8),f(zeta^24),...,f(zeta^15),f(zeta^31)],
    % where z=y^2 (there are 32 different f(zeta^n)) where each f(zeta^n)
    % is
    %   f(zeta^n)=(a_00, a_01, ..., a_31) an array of 32 elements, i.e.,
    %   f(zeta^n)=a_00 + a_01*y + a_02*y^2 + ... + a_31*y^31

    % Output: 
    %   [b_00,b_01, ... , b_31] array of 32 elements where 
    %   (b_00 + b_01*y + b_02*y^2 + ... + b_31*y^31) is the polynomial of
    %   w^0 in 
    %   f(w)=(a_0+a_1*y+a_2*y^2+...+a_31*y^31) +
    %        (b_0+b_1*y+b_2*y^2+...+b_31*y^31)*w+ ... +
    %        (z_0+z_1*y+z_2*y^2+...+z_31*y^31)*w^31
    
	resultTemp00 = [  A01(1),   A01(2),   A01(3),   A01(4),   A01(5),   A01(6),   A01(7),   A01(8),   A01(9),  A01(10),  A01(11),  A01(12),  A01(13),  A01(14),  A01(15),  A01(16),  A01(17),  A01(18),  A01(19),  A01(20),  A01(21),  A01(22),  A01(23),  A01(24),  A01(25),  A01(26),  A01(27),  A01(28),  A01(29),  A01(30),  A01(31),  A01(32)];
    resultTemp01 = [  A02(1),   A02(2),   A02(3),   A02(4),   A02(5),   A02(6),   A02(7),   A02(8),   A02(9),  A02(10),  A02(11),  A02(12),  A02(13),  A02(14),  A02(15),  A02(16),  A02(17),  A02(18),  A02(19),  A02(20),  A02(21),  A02(22),  A02(23),  A02(24),  A02(25),  A02(26),  A02(27),  A02(28),  A02(29),  A02(30),  A02(31),  A02(32)];
    resultTemp02 = [ -A03(1),  -A03(2),  -A03(3),  -A03(4),  -A03(5),  -A03(6),  -A03(7),  -A03(8),  -A03(9), -A03(10), -A03(11), -A03(12), -A03(13), -A03(14), -A03(15), -A03(16), -A03(17), -A03(18), -A03(19), -A03(20), -A03(21), -A03(22), -A03(23), -A03(24), -A03(25), -A03(26), -A03(27), -A03(28), -A03(29), -A03(30), -A03(31), -A03(32)];
    resultTemp03 = [ -A04(1),  -A04(2),  -A04(3),  -A04(4),  -A04(5),  -A04(6),  -A04(7),  -A04(8),  -A04(9), -A04(10), -A04(11), -A04(12), -A04(13), -A04(14), -A04(15), -A04(16), -A04(17), -A04(18), -A04(19), -A04(20), -A04(21), -A04(22), -A04(23), -A04(24), -A04(25), -A04(26), -A04(27), -A04(28), -A04(29), -A04(30), -A04(31), -A04(32)];
    resultTemp04 = [-A05(17), -A05(18), -A05(19), -A05(20), -A05(21), -A05(22), -A05(23), -A05(24), -A05(25), -A05(26), -A05(27), -A05(28), -A05(29), -A05(30), -A05(31), -A05(32),   A05(1),   A05(2),   A05(3),   A05(4),   A05(5),   A05(6),   A05(7),   A05(8),   A05(9),  A05(10),  A05(11),  A05(12),  A05(13),  A05(14),  A05(15),  A05(16)];
    resultTemp05 = [-A06(17), -A06(18), -A06(19), -A06(20), -A06(21), -A06(22), -A06(23), -A06(24), -A06(25), -A06(26), -A06(27), -A06(28), -A06(29), -A06(30), -A06(31), -A06(32),   A06(1),   A06(2),   A06(3),   A06(4),   A06(5),   A06(6),   A06(7),   A06(8),   A06(9),  A06(10),  A06(11),  A06(12),  A06(13),  A06(14),  A06(15),  A06(16)];
    resultTemp06 = [ A07(17),  A07(18),  A07(19),  A07(20),  A07(21),  A07(22),  A07(23),  A07(24),  A07(25),  A07(26),  A07(27),  A07(28),  A07(29),  A07(30),  A07(31),  A07(32),  -A07(1),  -A07(2),  -A07(3),  -A07(4),  -A07(5),  -A07(6),  -A07(7),  -A07(8),  -A07(9), -A07(10), -A07(11), -A07(12), -A07(13), -A07(14), -A07(15), -A07(16)];
    resultTemp07 = [ A08(17),  A08(18),  A08(19),  A08(20),  A08(21),  A08(22),  A08(23),  A08(24),  A08(25),  A08(26),  A08(27),  A08(28),  A08(29),  A08(30),  A08(31),  A08(32),  -A08(1),  -A08(2),  -A08(3),  -A08(4),  -A08(5),  -A08(6),  -A08(7),  -A08(8),  -A08(9), -A08(10), -A08(11), -A08(12), -A08(13), -A08(14), -A08(15), -A08(16)];
    resultTemp08 = [-A09(25), -A09(26), -A09(27), -A09(28), -A09(29), -A09(30), -A09(31), -A09(32),   A09(1),   A09(2),   A09(3),   A09(4),   A09(5),   A09(6),   A09(7),   A09(8),   A09(9),  A09(10),  A09(11),  A09(12),  A09(13),  A09(14),  A09(15),  A09(16),  A09(17),  A09(18),  A09(19),  A09(20),  A09(21),  A09(22),  A09(23),  A09(24)];
    resultTemp09 = [-A10(25), -A10(26), -A10(27), -A10(28), -A10(29), -A10(30), -A10(31), -A10(32),   A10(1),   A10(2),   A10(3),   A10(4),   A10(5),   A10(6),   A10(7),   A10(8),   A10(9),  A10(10),  A10(11),  A10(12),  A10(13),  A10(14),  A10(15),  A10(16),  A10(17),  A10(18),  A10(19),  A10(20),  A10(21),  A10(22),  A10(23),  A10(24)];
    resultTemp10 = [ A11(25),  A11(26),  A11(27),  A11(28),  A11(29),  A11(30),  A11(31),  A11(32),  -A11(1),  -A11(2),  -A11(3),  -A11(4),  -A11(5),  -A11(6),  -A11(7),  -A11(8),  -A11(9), -A11(10), -A11(11), -A11(12), -A11(13), -A11(14), -A11(15), -A11(16), -A11(17), -A11(18), -A11(19), -A11(20), -A11(21), -A11(22), -A11(23), -A11(24)];
    resultTemp11 = [ A12(25),  A12(26),  A12(27),  A12(28),  A12(29),  A12(30),  A12(31),  A12(32),  -A12(1),  -A12(2),  -A12(3),  -A12(4),  -A12(5),  -A12(6),  -A12(7),  -A12(8),  -A12(9), -A12(10), -A12(11), -A12(12), -A12(13), -A12(14), -A12(15), -A12(16), -A12(17), -A12(18), -A12(19), -A12(20), -A12(21), -A12(22), -A12(23), -A12(24)];
    resultTemp12 = [ -A13(9), -A13(10), -A13(11), -A13(12), -A13(13), -A13(14), -A13(15), -A13(16), -A13(17), -A13(18), -A13(19), -A13(20), -A13(21), -A13(22), -A13(23), -A13(24), -A13(25), -A13(26), -A13(27), -A13(28), -A13(29), -A13(30), -A13(31), -A13(32),   A13(1),   A13(2),   A13(3),   A13(4),   A13(5),   A13(6),   A13(7),   A13(8)];
    resultTemp13 = [ -A14(9), -A14(10), -A14(11), -A14(12), -A14(13), -A14(14), -A14(15), -A14(16), -A14(17), -A14(18), -A14(19), -A14(20), -A14(21), -A14(22), -A14(23), -A14(24), -A14(25), -A14(26), -A14(27), -A14(28), -A14(29), -A14(30), -A14(31), -A14(32),   A14(1),   A14(2),   A14(3),   A14(4),   A14(5),   A14(6),   A14(7),   A14(8)];
    resultTemp14 = [  A15(9),  A15(10),  A15(11),  A15(12),  A15(13),  A15(14),  A15(15),  A15(16),  A15(17),  A15(18),  A15(19),  A15(20),  A15(21),  A15(22),  A15(23),  A15(24),  A15(25),  A15(26),  A15(27),  A15(28),  A15(29),  A15(30),  A15(31),  A15(32),  -A15(1),  -A15(2),  -A15(3),  -A15(4),  -A15(5),  -A15(6),  -A15(7),  -A15(8)];
    resultTemp15 = [  A16(9),  A16(10),  A16(11),  A16(12),  A16(13),  A16(14),  A16(15),  A16(16),  A16(17),  A16(18),  A16(19),  A16(20),  A16(21),  A16(22),  A16(23),  A16(24),  A16(25),  A16(26),  A16(27),  A16(28),  A16(29),  A16(30),  A16(31),  A16(32),  -A16(1),  -A16(2),  -A16(3),  -A16(4),  -A16(5),  -A16(6),  -A16(7),  -A16(8)];
    resultTemp16 = [-A17(29), -A17(30), -A17(31), -A17(32),   A17(1),   A17(2),   A17(3),   A17(4),   A17(5),   A17(6),   A17(7),   A17(8),   A17(9),  A17(10),  A17(11),  A17(12),  A17(13),  A17(14),  A17(15),  A17(16),  A17(17),  A17(18),  A17(19),  A17(20),  A17(21),  A17(22),  A17(23),  A17(24),  A17(25),  A17(26),  A17(27),  A17(28)];
    resultTemp17 = [-A18(29), -A18(30), -A18(31), -A18(32),   A18(1),   A18(2),   A18(3),   A18(4),   A18(5),   A18(6),   A18(7),   A18(8),   A18(9),  A18(10),  A18(11),  A18(12),  A18(13),  A18(14),  A18(15),  A18(16),  A18(17),  A18(18),  A18(19),  A18(20),  A18(21),  A18(22),  A18(23),  A18(24),  A18(25),  A18(26),  A18(27),  A18(28)];
    resultTemp18 = [ A19(29),  A19(30),  A19(31),  A19(32),  -A19(1),  -A19(2),  -A19(3),  -A19(4),  -A19(5),  -A19(6),  -A19(7),  -A19(8),  -A19(9), -A19(10), -A19(11), -A19(12), -A19(13), -A19(14), -A19(15), -A19(16), -A19(17), -A19(18), -A19(19), -A19(20), -A19(21), -A19(22), -A19(23), -A19(24), -A19(25), -A19(26), -A19(27), -A19(28)];
    resultTemp19 = [ A20(29),  A20(30),  A20(31),  A20(32),  -A20(1),  -A20(2),  -A20(3),  -A20(4),  -A20(5),  -A20(6),  -A20(7),  -A20(8),  -A20(9), -A20(10), -A20(11), -A20(12), -A20(13), -A20(14), -A20(15), -A20(16), -A20(17), -A20(18), -A20(19), -A20(20), -A20(21), -A20(22), -A20(23), -A20(24), -A20(25), -A20(26), -A20(27), -A20(28)];
