function result = multiplication_x32_plus1(A0, A1, modulo)

    resultTemp00 = [ -A1(2)*A0(32),  -A1(3)*A0(32),  -A1(4)*A0(32),  -A1(5)*A0(32),  -A1(6)*A0(32),  -A1(7)*A0(32),  -A1(8)*A0(32),  -A1(9)*A0(32), -A1(10)*A0(32), -A1(11)*A0(32), -A1(12)*A0(32), -A1(13)*A0(32), -A1(14)*A0(32), -A1(15)*A0(32), -A1(16)*A0(32), -A1(17)*A0(32), -A1(18)*A0(32), -A1(19)*A0(32), -A1(20)*A0(32), -A1(21)*A0(32), -A1(22)*A0(32), -A1(23)*A0(32), -A1(24)*A0(32), -A1(25)*A0(32), -A1(26)*A0(32), -A1(27)*A0(32), -A1(28)*A0(32), -A1(29)*A0(32), -A1(30)*A0(32), -A0(32)*A1(31), -A0(32)*A1(32),  A1(1)*A0(32)];
    resultTemp01 = [ -A1(3)*A0(31),  -A1(4)*A0(31),  -A1(5)*A0(31),  -A1(6)*A0(31),  -A1(7)*A0(31),  -A1(8)*A0(31),  -A1(9)*A0(31), -A1(10)*A0(31), -A1(11)*A0(31), -A1(12)*A0(31), -A1(13)*A0(31), -A1(14)*A0(31), -A1(15)*A0(31), -A1(16)*A0(31), -A1(17)*A0(31), -A1(18)*A0(31), -A1(19)*A0(31), -A1(20)*A0(31), -A1(21)*A0(31), -A1(22)*A0(31), -A1(23)*A0(31), -A1(24)*A0(31), -A1(25)*A0(31), -A1(26)*A0(31), -A1(27)*A0(31), -A1(28)*A0(31), -A1(29)*A0(31), -A0(31)*A1(30), -A0(31)*A1(31), -A0(31)*A1(32),   A1(1)*A0(31),  A1(2)*A0(31)];
    resultTemp02 = [ -A1(4)*A0(30),  -A1(5)*A0(30),  -A1(6)*A0(30),  -A1(7)*A0(30),  -A1(8)*A0(30),  -A1(9)*A0(30), -A1(10)*A0(30), -A1(11)*A0(30), -A1(12)*A0(30), -A1(13)*A0(30), -A1(14)*A0(30), -A1(15)*A0(30), -A1(16)*A0(30), -A1(17)*A0(30), -A1(18)*A0(30), -A1(19)*A0(30), -A1(20)*A0(30), -A1(21)*A0(30), -A1(22)*A0(30), -A1(23)*A0(30), -A1(24)*A0(30), -A1(25)*A0(30), -A1(26)*A0(30), -A1(27)*A0(30), -A1(28)*A0(30), -A0(30)*A1(29), -A0(30)*A1(30), -A0(30)*A1(31), -A0(30)*A1(32),   A1(1)*A0(30),   A1(2)*A0(30),  A1(3)*A0(30)];
    resultTemp03 = [ -A1(5)*A0(29),  -A1(6)*A0(29),  -A1(7)*A0(29),  -A1(8)*A0(29),  -A1(9)*A0(29), -A1(10)*A0(29), -A1(11)*A0(29), -A1(12)*A0(29), -A1(13)*A0(29), -A1(14)*A0(29), -A1(15)*A0(29), -A1(16)*A0(29), -A1(17)*A0(29), -A1(18)*A0(29), -A1(19)*A0(29), -A1(20)*A0(29), -A1(21)*A0(29), -A1(22)*A0(29), -A1(23)*A0(29), -A1(24)*A0(29), -A1(25)*A0(29), -A1(26)*A0(29), -A1(27)*A0(29), -A0(29)*A1(28), -A0(29)*A1(29), -A0(29)*A1(30), -A0(29)*A1(31), -A0(29)*A1(32),   A1(1)*A0(29),   A1(2)*A0(29),   A1(3)*A0(29),  A1(4)*A0(29)];
    resultTemp04 = [ -A1(6)*A0(28),  -A1(7)*A0(28),  -A1(8)*A0(28),  -A1(9)*A0(28), -A1(10)*A0(28), -A1(11)*A0(28), -A1(12)*A0(28), -A1(13)*A0(28), -A1(14)*A0(28), -A1(15)*A0(28), -A1(16)*A0(28), -A1(17)*A0(28), -A1(18)*A0(28), -A1(19)*A0(28), -A1(20)*A0(28), -A1(21)*A0(28), -A1(22)*A0(28), -A1(23)*A0(28), -A1(24)*A0(28), -A1(25)*A0(28), -A1(26)*A0(28), -A0(28)*A1(27), -A0(28)*A1(28), -A0(28)*A1(29), -A0(28)*A1(30), -A0(28)*A1(31), -A0(28)*A1(32),   A1(1)*A0(28),   A1(2)*A0(28),   A1(3)*A0(28),   A1(4)*A0(28),  A1(5)*A0(28)];
    resultTemp05 = [ -A1(7)*A0(27),  -A1(8)*A0(27),  -A1(9)*A0(27), -A1(10)*A0(27), -A1(11)*A0(27), -A1(12)*A0(27), -A1(13)*A0(27), -A1(14)*A0(27), -A1(15)*A0(27), -A1(16)*A0(27), -A1(17)*A0(27), -A1(18)*A0(27), -A1(19)*A0(27), -A1(20)*A0(27), -A1(21)*A0(27), -A1(22)*A0(27), -A1(23)*A0(27), -A1(24)*A0(27), -A1(25)*A0(27), -A0(27)*A1(26), -A0(27)*A1(27), -A0(27)*A1(28), -A0(27)*A1(29), -A0(27)*A1(30), -A0(27)*A1(31), -A0(27)*A1(32),   A1(1)*A0(27),   A1(2)*A0(27),   A1(3)*A0(27),   A1(4)*A0(27),   A1(5)*A0(27),  A1(6)*A0(27)];
    resultTemp06 = [ -A1(8)*A0(26),  -A1(9)*A0(26), -A1(10)*A0(26), -A1(11)*A0(26), -A1(12)*A0(26), -A1(13)*A0(26), -A1(14)*A0(26), -A1(15)*A0(26), -A1(16)*A0(26), -A1(17)*A0(26), -A1(18)*A0(26), -A1(19)*A0(26), -A1(20)*A0(26), -A1(21)*A0(26), -A1(22)*A0(26), -A1(23)*A0(26), -A1(24)*A0(26), -A0(26)*A1(25), -A0(26)*A1(26), -A0(26)*A1(27), -A0(26)*A1(28), -A0(26)*A1(29), -A0(26)*A1(30), -A0(26)*A1(31), -A0(26)*A1(32),   A1(1)*A0(26),   A1(2)*A0(26),   A1(3)*A0(26),   A1(4)*A0(26),   A1(5)*A0(26),   A1(6)*A0(26),  A1(7)*A0(26)];
    resultTemp07 = [ -A1(9)*A0(25), -A1(10)*A0(25), -A1(11)*A0(25), -A1(12)*A0(25), -A1(13)*A0(25), -A1(14)*A0(25), -A1(15)*A0(25), -A1(16)*A0(25), -A1(17)*A0(25), -A1(18)*A0(25), -A1(19)*A0(25), -A1(20)*A0(25), -A1(21)*A0(25), -A1(22)*A0(25), -A1(23)*A0(25), -A0(25)*A1(24), -A0(25)*A1(25), -A0(25)*A1(26), -A0(25)*A1(27), -A0(25)*A1(28), -A0(25)*A1(29), -A0(25)*A1(30), -A0(25)*A1(31), -A0(25)*A1(32),   A1(1)*A0(25),   A1(2)*A0(25),   A1(3)*A0(25),   A1(4)*A0(25),   A1(5)*A0(25),   A1(6)*A0(25),   A1(7)*A0(25),  A1(8)*A0(25)];
    resultTemp08 = [-A1(10)*A0(24), -A1(11)*A0(24), -A1(12)*A0(24), -A1(13)*A0(24), -A1(14)*A0(24), -A1(15)*A0(24), -A1(16)*A0(24), -A1(17)*A0(24), -A1(18)*A0(24), -A1(19)*A0(24), -A1(20)*A0(24), -A1(21)*A0(24), -A1(22)*A0(24), -A0(24)*A1(23), -A0(24)*A1(24), -A0(24)*A1(25), -A0(24)*A1(26), -A0(24)*A1(27), -A0(24)*A1(28), -A0(24)*A1(29), -A0(24)*A1(30), -A0(24)*A1(31), -A0(24)*A1(32),   A1(1)*A0(24),   A1(2)*A0(24),   A1(3)*A0(24),   A1(4)*A0(24),   A1(5)*A0(24),   A1(6)*A0(24),   A1(7)*A0(24),   A1(8)*A0(24),  A1(9)*A0(24)];
    resultTemp09 = [-A1(11)*A0(23), -A1(12)*A0(23), -A1(13)*A0(23), -A1(14)*A0(23), -A1(15)*A0(23), -A1(16)*A0(23), -A1(17)*A0(23), -A1(18)*A0(23), -A1(19)*A0(23), -A1(20)*A0(23), -A1(21)*A0(23), -A0(23)*A1(22), -A0(23)*A1(23), -A0(23)*A1(24), -A0(23)*A1(25), -A0(23)*A1(26), -A0(23)*A1(27), -A0(23)*A1(28), -A0(23)*A1(29), -A0(23)*A1(30), -A0(23)*A1(31), -A0(23)*A1(32),   A1(1)*A0(23),   A1(2)*A0(23),   A1(3)*A0(23),   A1(4)*A0(23),   A1(5)*A0(23),   A1(6)*A0(23),   A1(7)*A0(23),   A1(8)*A0(23),   A1(9)*A0(23), A1(10)*A0(23)];
    resultTemp10 = [-A1(12)*A0(22), -A1(13)*A0(22), -A1(14)*A0(22), -A1(15)*A0(22), -A1(16)*A0(22), -A1(17)*A0(22), -A1(18)*A0(22), -A1(19)*A0(22), -A1(20)*A0(22), -A0(22)*A1(21), -A0(22)*A1(22), -A0(22)*A1(23), -A0(22)*A1(24), -A0(22)*A1(25), -A0(22)*A1(26), -A0(22)*A1(27), -A0(22)*A1(28), -A0(22)*A1(29), -A0(22)*A1(30), -A0(22)*A1(31), -A0(22)*A1(32),   A1(1)*A0(22),   A1(2)*A0(22),   A1(3)*A0(22),   A1(4)*A0(22),   A1(5)*A0(22),   A1(6)*A0(22),   A1(7)*A0(22),   A1(8)*A0(22),   A1(9)*A0(22),  A1(10)*A0(22), A1(11)*A0(22)];
    resultTemp11 = [-A1(13)*A0(21), -A1(14)*A0(21), -A1(15)*A0(21), -A1(16)*A0(21), -A1(17)*A0(21), -A1(18)*A0(21), -A1(19)*A0(21), -A0(21)*A1(20), -A0(21)*A1(21), -A0(21)*A1(22), -A0(21)*A1(23), -A0(21)*A1(24), -A0(21)*A1(25), -A0(21)*A1(26), -A0(21)*A1(27), -A0(21)*A1(28), -A0(21)*A1(29), -A0(21)*A1(30), -A0(21)*A1(31), -A0(21)*A1(32),   A1(1)*A0(21),   A1(2)*A0(21),   A1(3)*A0(21),   A1(4)*A0(21),   A1(5)*A0(21),   A1(6)*A0(21),   A1(7)*A0(21),   A1(8)*A0(21),   A1(9)*A0(21),  A1(10)*A0(21),  A1(11)*A0(21), A1(12)*A0(21)];
    resultTemp12 = [-A1(14)*A0(20), -A1(15)*A0(20), -A1(16)*A0(20), -A1(17)*A0(20), -A1(18)*A0(20), -A0(20)*A1(19), -A0(20)*A1(20), -A0(20)*A1(21), -A0(20)*A1(22), -A0(20)*A1(23), -A0(20)*A1(24), -A0(20)*A1(25), -A0(20)*A1(26), -A0(20)*A1(27), -A0(20)*A1(28), -A0(20)*A1(29), -A0(20)*A1(30), -A0(20)*A1(31), -A0(20)*A1(32),   A1(1)*A0(20),   A1(2)*A0(20),   A1(3)*A0(20),   A1(4)*A0(20),   A1(5)*A0(20),   A1(6)*A0(20),   A1(7)*A0(20),   A1(8)*A0(20),   A1(9)*A0(20),  A1(10)*A0(20),  A1(11)*A0(20),  A1(12)*A0(20), A1(13)*A0(20)];
    resultTemp13 = [-A1(15)*A0(19), -A1(16)*A0(19), -A1(17)*A0(19), -A0(19)*A1(18), -A0(19)*A1(19), -A0(19)*A1(20), -A0(19)*A1(21), -A0(19)*A1(22), -A0(19)*A1(23), -A0(19)*A1(24), -A0(19)*A1(25), -A0(19)*A1(26), -A0(19)*A1(27), -A0(19)*A1(28), -A0(19)*A1(29), -A0(19)*A1(30), -A0(19)*A1(31), -A0(19)*A1(32),   A1(1)*A0(19),   A1(2)*A0(19),   A1(3)*A0(19),   A1(4)*A0(19),   A1(5)*A0(19),   A1(6)*A0(19),   A1(7)*A0(19),   A1(8)*A0(19),   A1(9)*A0(19),  A1(10)*A0(19),  A1(11)*A0(19),  A1(12)*A0(19),  A1(13)*A0(19), A1(14)*A0(19)];
